2.503775	6.057511	5.673616
3.041092	4.049345	3.403408
3.842636	4.398186	4.190879
4.982464	3.489616	4.013040
1.528101	4.160071	1.913208
2.735009	5.271469	5.283689
2.993720	5.716048	4.724714
4.480341	2.839107	5.820160
4.729981	3.206428	1.679048
2.836044	4.157432	3.786355
5.496385	2.931522	4.307147
5.047313	2.683490	4.611292
3.984314	3.449492	1.804423
4.454793	3.325618	3.619427
5.401205	3.968647	4.243147
5.951279	4.169237	3.203278
5.267660	4.070210	3.485882
3.102730	3.713683	4.948940
3.441353	4.167639	3.159720
5.424180	2.622425	3.019290
3.340232	2.638907	4.526236
4.681449	4.645731	4.688217
2.512438	4.257407	5.377679
3.659968	5.077617	3.841267
3.875688	2.791721	3.522967
5.283536	3.362549	5.895567
3.836132	5.349163	4.010347
1.686346	3.273619	3.277999
3.310247	2.744752	3.012923
4.609850	6.627021	4.204219
3.650553	1.528345	5.979583
5.065550	3.543174	4.310370
3.527814	2.823602	3.602976
4.858229	4.365062	3.782506
4.651676	3.677625	5.243514
2.950807	3.640079	4.793994
4.719162	3.325921	3.125451
4.512681	5.433220	4.901719
2.817827	3.326880	2.913935
5.416533	3.938636	3.693275
4.274076	4.473032	3.606784
4.282013	4.100780	5.641112
4.035223	4.403487	3.369351
3.382587	4.460831	3.088245
4.333388	3.760086	4.613923
2.043876	5.443929	2.350443
5.792325	4.076663	4.514119
3.955606	4.080807	3.046972
4.623241	4.445015	4.424930
5.496837	2.599321	4.081991
2.511944	5.168280	4.732073
3.764169	4.888808	4.500066
2.515033	4.656941	3.144868
4.158120	4.940575	4.048822
3.934797	5.421567	4.176994
3.742270	2.417835	4.024773
4.699165	5.494645	2.436595
4.448994	4.689154	3.577120
5.659679	3.161488	5.832071
4.138960	4.770603	3.593371
2.465811	3.896949	4.647324
3.458440	3.719578	4.082954
2.481358	3.715885	4.210052
3.470370	5.240580	4.226405
1.867530	3.488537	3.306090
3.143449	5.536915	4.624296
3.619179	3.529729	3.681980
3.415551	3.302402	4.505624
1.936055	4.518946	2.474986
4.511419	5.065999	2.958432
3.269182	4.974994	3.686650
3.218414	3.275909	6.416507
3.503667	4.506618	4.650755
5.564341	5.931936	2.118886
5.451455	4.140376	2.972636
4.978753	3.097787	5.294465
3.618911	5.076793	4.742033
2.792143	2.590497	4.168585
3.513993	4.662407	3.766328
3.131758	4.346379	1.925958
2.671885	2.963268	1.603642
4.362969	3.145419	4.235418
4.746259	5.267468	4.798037
2.397854	3.097330	2.261958
3.082468	5.465676	4.298077
4.994823	2.664064	3.793822
4.597355	2.992275	3.776158
4.945344	5.001064	4.528572
3.960651	4.109791	2.883214
5.878921	2.712999	5.295620
2.074405	3.726921	4.377084
3.269808	2.496119	3.174627
3.749191	4.165882	3.877614
4.123889	4.332253	4.669658
3.537442	4.339118	2.823341
2.389397	3.533686	7.105107
3.986462	4.840164	5.186356
3.688422	5.485739	4.495022
5.091580	4.196817	4.252635
5.425320	3.512548	4.332327
4.096270	4.139707	4.701475
4.339292	3.941980	5.698342
4.404081	3.379782	4.027687
4.023489	3.465732	3.569885
3.901860	4.517785	2.882802
4.583035	3.807059	2.926047
4.530339	4.323316	4.586067
5.120953	5.846353	4.096935
3.743877	3.895749	3.663732
3.470610	4.035339	2.490915
4.856366	4.375205	5.536346
-0.840736	1.456935	0.968356
3.070740	2.927237	4.356091
4.603212	4.808975	3.392356
6.419916	2.899326	5.189174
2.283989	3.238317	4.906270
5.769542	5.142267	3.859265
-1.131375	5.294935	-0.154708
5.471746	5.168953	4.552176
3.213373	3.273867	4.628289
4.186500	5.919484	4.650057
4.566200	5.592859	3.406589
4.567778	3.193112	4.945725
5.632267	4.242725	2.365181
5.065610	5.565521	3.311359
3.386738	5.035117	3.132070
2.940933	3.156103	3.608338
4.803713	4.215516	5.011970
4.630686	5.408647	5.107464
2.949894	3.711909	5.336774
4.464105	3.532714	3.683297
4.926484	3.688621	5.190658
3.846335	5.538862	5.216254
3.475160	4.815925	2.665591
4.092349	4.011087	2.324156
2.253280	5.211565	3.972898
4.163177	3.712405	5.267206
2.503286	4.846788	5.979376
3.197933	3.033719	4.388439
4.652045	2.718845	3.643788
5.519511	5.915078	3.837923
4.132842	4.320535	1.217572
3.247868	3.950621	6.345121
4.424955	5.459834	3.810985
4.449995	3.039750	2.519644
2.866581	3.552139	3.896147
3.351132	1.630905	4.646659
3.090655	3.950497	3.174189
4.910504	2.149154	4.802724
3.437223	3.548656	3.914130
3.800591	5.265457	4.517593
5.200685	4.364354	3.729510
3.746165	2.265504	5.762563
3.731303	2.082404	2.832637
2.288329	3.137102	4.414825
1.794492	5.177283	3.228343
3.641421	3.783046	2.758552
4.573532	2.448323	5.397722
2.796073	3.819314	3.171291
4.950157	2.720686	5.260830
6.006363	2.468872	1.967258
3.586131	4.005989	3.636169
3.581546	4.551371	4.220129
2.267213	3.138755	5.197364
4.031305	3.832982	2.607629
4.624267	3.874846	3.873843
4.870363	2.839372	5.066512
4.195815	5.051079	3.609508
5.176869	1.070363	2.516716
2.970138	3.136235	4.993825
1.948129	4.787578	3.875746
2.766497	5.647821	2.541630
4.793673	5.210771	2.022600
2.850801	5.245359	4.069259
4.563883	3.971961	4.678605
2.692753	4.645992	3.736904
3.693015	2.543544	2.350644
-0.237717	5.132297	0.104729
2.930435	3.729328	3.627544
3.080754	4.322908	2.937628
3.221922	2.812395	3.149183
5.442675	3.202807	3.429788
4.709792	4.950806	3.406013
5.168017	2.930231	4.593992
3.840773	4.347983	4.519946
3.849400	4.440790	4.701354
2.297738	3.043139	4.833032
1.998525	2.788014	5.464959
3.550278	4.122842	4.333086
4.378680	3.416086	3.574319
6.078381	2.604358	3.236091
2.766265	3.729976	3.002113
5.196194	5.514415	3.889520
2.906394	5.749146	3.165353
4.144921	4.291412	2.940819
3.501944	5.775027	4.195826
4.414188	4.736926	4.350369
4.931382	4.465772	3.790347
7.084317	3.337021	3.543769
5.317394	4.721979	3.525999
3.450633	3.938506	4.255555
3.945524	3.426168	4.624078
4.011980	4.830959	4.100653
2.440270	4.446361	4.935959
4.357768	2.380021	4.255637
3.500280	4.031373	4.468553
3.730604	4.607290	4.456652
4.330773	3.618636	4.975229
5.450923	3.969259	3.504555
3.584340	4.783410	4.092349
3.755125	3.254960	4.386314
4.608348	3.921373	4.268912
4.492081	4.916167	3.117788
3.280504	3.591895	4.023178
3.529808	3.712517	4.712995
2.546043	3.202116	3.309354
5.242062	4.069833	4.217952
3.155291	3.499649	1.418886
4.044127	3.314191	2.367951
4.286139	3.049806	4.078617
4.265578	6.754848	3.588513
4.170512	3.931229	3.215321
4.182044	4.749282	4.523552
4.670680	3.184569	4.053629
2.387192	2.253049	5.678399
4.091999	4.609704	4.613243
3.949974	5.312901	3.841191
1.823910	4.154971	4.916499
2.569215	3.697652	5.089879
4.867530	3.848545	3.208658
3.971766	4.221169	4.719297
3.833939	5.531657	4.209705
3.624542	3.422385	3.120159
4.998529	3.775844	1.119852
3.586334	5.205898	3.514676
2.626962	3.498886	4.563139
3.728634	3.036980	4.554269
5.122390	5.431241	4.173110
3.793248	4.403754	5.226412
5.009107	3.897879	3.021444
4.216965	3.961110	4.428869
2.881554	3.317674	4.854306
4.162376	2.799046	5.284532
3.681894	4.356594	3.490256
4.249349	5.286361	5.291727
5.523580	3.500354	4.623623
2.306370	4.303786	5.828417
2.768566	3.146095	3.835692
3.736608	4.805548	4.738780
1.948808	2.938527	3.830087
3.412550	4.349045	4.396068
1.741279	3.676699	3.138192
4.108026	4.661026	3.783030
2.713938	5.315923	3.210373
3.472512	2.094775	4.531449
4.015539	4.491336	3.191915
4.649679	5.415638	1.711085
4.444319	2.536517	4.451378
5.070956	2.965261	3.189448
4.136189	3.984534	2.632181
3.431755	3.228518	3.771509
5.754451	4.157285	2.925048
4.271826	3.742609	5.438268
3.554039	3.696842	5.112164
3.152389	2.808348	4.271504
4.169440	2.670901	2.010085
4.321123	4.314871	4.541213
5.007598	4.099969	3.845491
4.717650	4.102083	2.503939
4.233440	4.651389	3.089402
5.711894	3.683328	5.073774
3.017225	4.826308	5.374805
3.199603	4.291100	3.762628
2.974343	4.112451	3.676392
3.736826	2.831600	4.856168
-0.419521	-0.295916	-1.045190
5.078833	2.689838	2.395058
4.140038	3.503581	4.627183
5.550890	5.283911	4.956922
3.087927	5.045724	3.545756
2.859356	4.543012	3.568029
3.842444	4.674534	4.778907
3.694117	4.136362	4.922620
3.276197	2.413695	3.509062
3.674479	3.868258	6.262625
3.273139	3.834462	3.137425
4.235595	4.522378	4.747002
4.252030	4.094375	1.575111
4.716048	5.375552	3.217413
3.133598	2.905279	4.619036
2.871028	3.874789	2.513497
4.415478	3.565882	4.213355
3.144564	3.287229	3.426988
3.149640	3.100078	2.720342
4.471681	4.300559	3.577774
4.754545	5.477699	3.291792
4.209868	4.210742	3.358756
2.698758	6.449713	4.343280
4.030598	4.326320	6.425322
3.782489	4.048595	4.059718
5.090885	4.270172	2.448052
2.234758	5.034810	4.247551
3.667242	3.208093	5.746955
4.230722	4.521272	4.816675
4.428926	3.554701	3.798914
4.646484	4.887559	5.057546
3.202655	4.182674	3.194042
3.879624	3.744564	3.991674
4.923121	3.149570	5.961765
5.249092	2.386684	4.307788
2.834833	4.345983	2.563563
5.147560	5.193621	3.517698
4.160878	2.712048	3.429924
3.821282	2.412069	5.612306
4.115194	5.223031	3.796275
3.278200	4.075932	4.928019
3.300070	4.232718	3.385842
1.840225	3.614372	4.103776
3.977029	3.689146	4.066928
3.327727	4.469461	3.525774
4.790364	2.583704	4.055735
4.458912	5.215953	3.432987
5.136470	4.401896	5.692094
2.493180	4.198565	3.924935
4.123535	4.831900	5.353785
4.288777	2.353762	3.580705
7.115150	3.004826	4.138846
4.687138	4.955895	3.354915
5.402038	5.179714	4.396532
3.042346	3.396876	3.292621
3.711598	5.330155	4.245640
4.573592	4.109421	5.476360
2.388400	0.176054	3.900934
3.925948	3.896420	3.249148
2.633764	3.831799	3.570665
4.173893	4.630039	5.112123
4.764397	3.918389	4.398113
2.770991	3.106276	5.653591
4.989262	2.484505	3.250745
5.800582	3.180840	2.103732
3.440293	3.466341	5.102999
4.826194	3.498926	3.921113
4.282104	4.717780	3.623014
4.289590	5.428199	3.853204
4.138825	4.609291	3.428941
3.115529	4.394145	4.581897
3.918405	3.363421	3.534417
4.260388	2.823439	5.046784
5.565018	2.499221	4.555916
4.793134	4.872992	2.347827
3.676116	3.431542	3.756360
2.765219	5.725462	4.436306
2.983439	3.448619	5.401645
3.899639	5.278971	4.675747
2.642507	3.010566	2.826738
4.466431	5.906402	4.173130
3.892619	4.536947	3.924471
3.662808	4.193156	4.759393
3.490620	3.000918	4.947547
1.780983	2.676593	4.009111
4.887834	4.202078	3.426805
4.807307	3.214548	4.664871
3.547906	2.807677	4.711128
5.577960	3.599610	4.993709
2.017025	2.630211	3.011234
3.822204	4.462607	2.759204
3.043833	4.788067	3.123993
5.350751	3.237806	5.126587
4.778567	4.046948	4.184288
4.093113	5.097012	1.784783
3.627176	4.155772	5.173140
3.394714	1.878834	1.449384
4.038799	2.652949	3.732802
2.689797	3.607387	5.921209
5.237195	3.950646	3.690668
3.074690	4.525380	3.608320
5.313587	4.081903	4.123461
2.293445	3.393114	5.831557
2.424418	3.712489	3.734658
4.216460	4.347320	3.412237
4.821840	3.329350	4.526691
2.397614	3.177038	2.428387
4.212820	4.254104	3.538840
4.207949	2.755195	5.176732
4.836771	3.000990	2.744077
3.450056	4.171360	4.060749
2.882305	3.517763	4.273648
3.540032	4.046613	4.936345
3.321716	4.845187	3.908764
3.828172	2.603213	4.739563
5.928754	2.933227	3.041569
5.531477	4.629971	3.309917
5.675341	3.539899	4.027329
4.337318	4.760533	4.441062
6.063902	5.372881	5.570360
3.338233	4.323688	5.684481
3.603076	3.610980	4.922302
4.468240	3.981175	4.273125
2.178662	3.665139	3.150599
5.603976	3.821868	4.084548
5.101522	5.552156	4.266799
3.148489	3.451301	4.294092
4.323081	3.190736	1.939043
2.378437	2.813928	3.780658
3.682003	2.336800	3.755757
5.666559	4.356139	6.001807
4.004860	3.974185	4.282792
5.820757	5.572777	4.758228
4.427518	3.142107	2.658366
3.553065	5.531227	5.786203
2.390877	5.349540	5.827059
5.248580	3.546805	4.821228
2.458144	2.598040	6.501291
3.546044	2.862053	3.646115
5.867926	5.166671	3.338172
3.937716	4.503070	4.684287
4.518579	3.063616	3.782577
2.906893	4.969560	3.919971
4.351592	3.350156	4.656234
4.690463	2.591326	4.810505
2.860449	3.335796	4.937040
3.367875	4.137578	3.927380
2.581548	5.434211	5.447239
4.485083	3.722127	4.118483
5.361346	3.504748	3.596238
3.802838	1.843180	4.724981
4.221951	4.859121	3.558731
2.582311	4.167838	2.868150
4.603391	4.688659	6.171989
5.438328	4.306842	3.778699
4.917061	4.338024	3.564247
1.969493	6.333327	5.102715
4.678600	4.094310	5.933782
4.923009	2.641417	3.777805
4.789593	5.240701	3.740149
5.560985	2.702966	3.774345
3.816146	4.982553	5.336071
5.311854	2.641492	4.175181
2.499234	4.069918	5.698107
6.056808	4.512217	4.323020
3.859470	4.010770	5.486966
3.165699	3.761443	4.045745
3.317464	4.529154	5.572438
4.651382	3.316712	3.265599
2.741312	3.899305	3.175258
4.249383	3.304485	2.597555
2.064307	4.628752	2.610567
4.496476	3.349118	4.261631
3.951709	4.147880	4.954438
3.291448	5.487422	4.763379
3.662067	3.766872	4.113463
3.571394	2.258518	3.017563
3.014281	3.800561	2.779750
4.827472	4.126456	3.582229
3.178450	4.017372	4.936477
2.116104	2.496069	2.965696
2.684293	2.547535	4.005387
3.958280	3.617997	4.196948
3.917007	3.237345	3.564108
4.212214	2.781098	4.293082
0.785410	3.965081	4.315849
3.031694	5.062826	5.143455
4.208657	5.618787	3.198286
4.879760	5.411658	2.857865
4.076787	2.521456	4.835082
5.666566	3.453036	3.966000
3.488469	6.492327	3.091411
3.087734	4.557697	3.911321
6.511944	5.985995	4.616404
4.931509	4.731183	5.045330
4.523778	2.991019	3.177130
4.970892	3.498473	5.342017
4.726428	2.813344	2.852310
2.693999	4.784930	5.163917
3.610544	3.995395	4.320070
4.875542	3.650881	4.433718
3.926831	2.440327	5.368093
4.316114	3.809184	3.242709
3.291870	2.553897	2.876395
3.062249	3.444696	5.322106
4.596472	3.080656	2.406220
3.082574	5.445473	4.663846
3.819608	3.982986	5.145177
3.977731	6.265642	4.082037
3.068320	1.979562	4.441798
3.790339	3.062684	4.691732
4.270081	3.540494	4.305836
3.862678	4.924243	4.090509
3.617719	5.245755	2.931363
2.592161	3.401706	2.215310
2.463432	3.761272	4.059654
3.736002	4.503602	3.532324
2.101815	4.746788	3.917065
4.697153	4.625523	5.082321
3.113766	2.811999	3.909838
3.850390	5.247910	4.511265
4.148111	2.785548	3.294432
2.385018	3.182356	4.183339
4.451328	4.641959	4.765135
4.569694	3.399309	3.236525
